,Tree number,Time elapsed,Decision,Reaction time,Reward,Cumulative reward per tree,Total cumulative reward
0,1,2.7040368000016315,stay,0.3586670999939088,96,96,96
1,1,5.079896800001734,stay,0.2860048,82,178,178
2,1,7.520594600006007,stay,0.3090102999994997,70,248,248
3,1,9.854771099999198,stay,0.25971209999988787,64,312,312
4,1,12.333373400004348,leave,0.6048958000028506,0,312,312
5,2,17.633792900000117,stay,0.2554958000109764,91,91,403
6,2,19.757867599997553,stay,0.22974039999826346,82,173,485
7,2,22.038161000004038,stay,0.1929911000042921,72,245,557
8,2,24.538160199997947,stay,0.5435211000003619,63,308,620
9,2,26.84901059999538,leave,0.22056530001282226,0,308,620
10,3,31.64966719999211,stay,0.19112479999603238,91,91,711
11,3,33.903550100003486,stay,0.19240960000024643,76,167,787
12,3,36.21173999999883,stay,0.23416720000386704,72,239,859
13,3,38.49780529999407,stay,0.2535311000101501,63,302,922
14,3,40.943966899998486,stay,0.24962470000900794,45,347,967
15,3,43.40993979999621,leave,0.2547255999961635,0,347,967
16,4,48.33897529999376,stay,0.2313404000014998,95,95,1062
17,4,50.730644700000994,stay,0.23754890001146123,78,173,1140
18,4,52.80555930000264,stay,0.22824559999571647,73,246,1213
19,4,54.93747720000101,stay,0.17683579999720678,61,307,1274
20,4,57.01995509999688,stay,0.17611260000558104,48,355,1322
21,4,59.114084300003015,leave,0.1533973000041442,0,355,1322
22,5,64.69901569999638,stay,0.5050755999982357,87,87,1409
23,5,66.76871140000003,stay,0.1914120000001276,75,162,1484
24,5,68.91909060000035,stay,0.17543149999983143,66,228,1550
25,5,71.33785809999972,leave,0.46034739998867735,0,228,1550
26,6,76.15996439999435,stay,0.18309839999710675,88,88,1638
27,6,78.25405249999312,stay,0.1773481999989599,77,165,1715
28,6,80.82442109999829,stay,0.1806839999917429,67,232,1782
29,6,83.13682469999185,leave,0.4933094000007259,0,232,1782
30,7,87.90667630000098,stay,0.14314830000512302,96,96,1878
31,7,89.86983039999905,stay,0.16019820001383778,78,174,1956
32,7,91.94182389999332,stay,0.1319422999949893,67,241,2023
33,7,94.09799080000084,leave,0.25508410000475124,0,241,2023
34,8,98.96631570000318,stay,0.2594550999929197,88,88,2111
35,8,101.16844340000534,stay,0.19253670000762213,79,167,2190
36,8,103.46679730000324,stay,0.15720210000290535,70,237,2260
37,8,105.77104350000445,leave,0.16119509999407455,0,237,2260
38,9,110.48753670000588,stay,0.21447659999830648,87,87,2347
39,9,112.69353229999251,stay,0.1504897999984678,80,167,2427
40,9,114.9221022999991,stay,0.42944700000225566,75,242,2502
41,9,117.4102489999932,stay,0.5177792000031332,58,300,2560
42,9,119.54269600000407,leave,0.16681799999787472,0,300,2560
43,10,124.30500290000055,stay,0.24627479999617208,89,89,2649
44,10,126.51915379999264,stay,0.24380270000256132,75,164,2724
45,10,128.65207300000475,stay,0.17620259999239352,66,230,2790
46,10,130.93772539999918,leave,0.5118674,0,230,2790
47,11,135.75018040000577,stay,0.14111640000191983,89,89,2879
48,11,138.29434449999826,stay,0.4522703999973601,76,165,2955
49,11,140.41730810000445,stay,0.14139869999780785,74,239,3029
50,11,143.1489436999982,stay,0.45704910000495147,58,297,3087
51,11,145.14328000000387,leave,0.1683069999999134,0,297,3087
52,12,149.9760677000013,stay,0.2370126000023447,95,95,3182
53,12,152.17419540000265,stay,0.18217069999082014,78,173,3260
54,12,154.2715759999992,leave,0.16214090000721626,0,173,3260
55,13,159.3230171000032,stay,0.4510026000061771,98,98,3358
56,13,161.33909340000537,stay,0.147571,78,176,3436
57,13,163.5571562999976,leave,0.39884160000656266,0,176,3436
58,14,168.28161940000427,stay,0.19320309998875018,98,98,3534
59,14,170.23012170000584,stay,0.18854909999936353,77,175,3611
60,14,172.29190739999467,leave,0.15026139999099541,0,175,3611
61,15,176.8185265,stay,0.16328510000312235,90,90,3701
62,15,178.8427665999916,stay,0.18511170000419952,80,170,3781
63,15,181.20322389999637,leave,0.5121575999946799,0,170,3781
64,16,185.89550040000177,stay,0.24096900000586174,87,87,3868
65,16,188.11372100000153,stay,0.40598189999582246,82,169,3950
66,16,190.4381366000016,stay,0.2640414,70,239,4020
67,16,192.75246509999852,leave,0.24490720000176225,0,239,4020
68,17,197.64070619999256,stay,0.5031489999964833,89,89,4109
69,17,199.65697389999696,stay,0.16645910000079311,75,164,4184
70,17,201.85545819999243,leave,0.2142524999944726,0,164,4184
71,18,206.56382670000312,stay,0.35970699999597855,96,96,4280
72,18,208.71941419999348,stay,0.25885890000790823,80,176,4360
73,18,210.68778930000553,leave,0.17864860000554472,0,176,4360
74,19,215.2386506000039,stay,0.18453329999465495,96,96,4456
75,19,217.1428298999963,stay,0.16920570000365842,76,172,4532
76,19,219.30719969999336,leave,0.48382850000052713,0,172,4532
77,20,223.7078879000037,stay,0.2705537000001641,100,100,4632
78,20,226.02161510000587,stay,0.24808410000696313,82,182,4714
79,20,227.8463237,leave,0.20620680000865832,0,182,4714
80,21,232.5083534000005,stay,0.3880300000018906,93,93,4807
81,21,234.86710619999212,stay,0.5271790999977384,82,175,4889
82,21,236.87489500000083,leave,0.2848316000017803,0,175,4889
83,22,241.41131300000416,stay,0.19096939999144524,95,95,4984
84,22,243.68810060000396,stay,0.1812145000003511,77,172,5061
85,22,245.74962669999513,stay,0.2098819,66,238,5127
86,22,248.10635499999626,stay,0.21672309999121353,57,295,5184
87,22,250.16783170000417,leave,0.2507855000003474,0,295,5184
88,23,254.90903900000558,stay,0.15576259999943431,90,90,5274
89,23,258.3151319000026,stay,0.15943879999394994,83,173,5357
90,23,261.02166630000283,stay,0.1987273999984609,74,247,5431
91,23,263.5275107000052,stay,0.5215750000061234,65,312,5496
92,23,265.46784650000336,stay,0.17863260000012815,46,358,5542
93,23,267.4603039999929,leave,0.3540509000013117,0,358,5542
94,24,272.0788437,stay,0.2426660999917658,85,85,5627
95,24,274.32766860000265,stay,0.1884652000007918,80,165,5707
96,24,276.70562520000385,leave,0.4497096999984933,0,165,5707
97,25,281.28364330000477,stay,0.1336308000027202,86,86,5793
98,25,283.3318536000006,stay,0.15925240000069607,82,168,5875
99,25,285.6257444,leave,0.22257369999715593,0,168,5875
100,26,290.56898860000365,stay,0.46661270000913646,96,96,5971
101,26,292.8068413000001,stay,0.15181440000014845,82,178,6053
102,26,294.80270129999553,leave,0.1476639000029536,0,178,6053
103,27,299.3576914000005,stay,0.13843809999525547,98,98,6151
